85.9873 120.079
84.0696 134.587
83.832 149.5
85.6131 164.83
89.7907 179.574
95.349 193.693
103.018 205.859
111.742 217.049
126.106 222.692
144.783 222.057
164.034 215.341
182.374 205.876
199.477 193.312
211.32 176.474
217.537 156.027
220.068 134.421
221.271 112.084
83.8432 96.5956
87.7646 91.6602
95.2667 90.5938
103.992 92.9661
111.272 97.6563
128.581 97.3083
141.645 92.7266
156.962 91.2842
171.718 95.5853
183.946 103.858
119.878 111.894
117.401 123.328
114.598 134.411
112.121 145.846
107.313 156.173
112.653 158.414
118.696 160.005
126.888 158.626
134.403 157.221
91.3679 112.487
96.6568 107.265
104.432 107.905
111.62 114.966
103.401 117.022
95.6259 116.382
143.802 115.871
151.215 108.358
161.374 108.751
171.336 114.223
162.023 118.271
151.851 118.217
103.609 181.804
107.205 176.517
113.118 172.676
118.797 174.93
125.309 173.147
137.668 178.034
150.313 184.288
138.603 188.923
126.972 191.525
119.509 191.575
113.115 190.311
107.815 187.054
105.992 181.557
113.495 180.491
119.238 181.052
126.362 180.988
146.263 183.793
126.323 182.004
119.537 182.081
113.468 181.168
